14.8187243963
19.6794531368
17.2342403121
16.911646653
16.5574715018
15.6882810351
16.9025104877
16.3296401931
17.4377992265
16.4200067588
17.1441984994
16.6118454695
17.3767968106
16.3627886168
15.596198463
18.9051716367
17.3932596048
15.9469271866
17.5758328699
17.6957619487
16.9700612576
17.4831138972
16.4181310558
16.4360810542
18.5991367474
16.8615000619
17.0902583829
19.5039626539
16.6714357306
16.6720615655
17.7465148535
15.6623167686
18.8486940467
15.5107963875
15.5432934815
16.8347374585
18.7752734656
17.503379777
18.5107030859
16.3846680488
15.299454406
16.790401502
18.2693686765
17.0394259827
15.2066051296
17.2718045572
17.9143462367
18.9912722039
16.0431574265
19.4569806895
25.7279806257
24.0799354713
23.2720039206
25.5665131909
25.0114745305
25.0963443771
25.8098056779
23.5483735218
21.6567121373
25.3664059444
25.2294345697
23.60947091
15.8491212274
23.9858444661
24.7746848002
16.8264980271
24.4624274479
23.6126382245
22.0810872677
24.0562124085
24.9314711861
24.4568609377
16.5037602838
24.0116260365
23.7355280532
23.3400121687
20.2376668474
25.7277376739
24.2824049866
24.9412352787
24.8886625837
25.1942596263
25.4410492748
24.0875323461
24.8781572285
25.2205807385
24.6602645474
23.4261631959
14.7734233482
18.0561433288
22.6182267461
25.8996785776
24.4220092582
25.1405723812
24.685599772
23.8926535417
24.6302125933
25.2595439364
25.4595669128
25.2268302302
