9.87297679733
12.051154171
10.8803652585
10.9451061197
10.7434802235
10.323052785
10.9026661715
10.5391380267
11.0011827541
10.6568592749
10.9634802807
10.7590299049
10.9666453602
10.5607743676
10.2519236502
10.9143245361
11.0292447291
10.354786077
10.8225544274
11.1462146151
10.9363339004
11.1197791678
10.6358314075
10.6389036803
11.6886167567
10.9013029703
10.8418919647
11.8826390354
10.7628057356
10.7838401776
11.2761012588
10.2623151778
11.6225060635
10.2250274257
10.2606723665
10.7194495326
11.8005975374
11.2287572118
11.5171266277
10.6686064966
10.1255104762
10.8137199698
11.3563535229
10.8827343041
10.0856007543
11.1093236199
11.3928122165
11.6186089285
10.5019943289
11.9808707272
15.479351993
14.288323986
13.6332989951
15.3826773013
14.9614268276
14.9899681421
15.5368532853
14.0965878669
12.8476843971
15.2084930039
15.1570721625
13.8287949287
10.3515969937
14.4927701973
14.7065794772
10.7801430854
14.5974800997
14.1123186117
12.9025642273
14.3140402962
14.8768393758
14.6288201634
10.6533458247
14.2673234851
14.2970047916
13.5453186372
11.953339354
15.4608641124
14.4473678017
14.967281234
14.8427446325
15.0533684238
15.284937387
14.351401993
14.8666912092
15.0302704717
14.6712756131
13.9723698519
9.86177974914
11.4413435305
13.31969505
15.6025770323
14.5393251493
14.8979318097
14.801481072
14.0039616242
14.7196841732
14.9737182331
15.2332238834
15.0841524999
