0.109308159722
0.246375
0.193278645833
0.113040798611
0.134498263889
0.149050347222
0.151290798611
0.167722222222
0.233840277778
0.119723958333
0.189162326389
0.125765625
0.181076388889
0.132518229167
0.107543402778
0.131956597222
0.178591145833
0.113598958333
0.1931015625
0.210631944444
0.135728298611
0.133048611111
0.15653125
0.168641493056
0.166830729167
0.0876736111111
0.190088541667
0.233755208333
0.0913220486111
0.129097222222
0.235567708333
0.133858506944
0.261442708333
0.112838541667
0.143394965278
0.172403645833
0.215357638889
0.0746875
0.201901909722
0.144927083333
0.132239583333
0.220753472222
0.235241319444
0.223081597222
0.155039930556
0.148769965278
0.2918203125
0.159410590278
0.120149305556
0.221499131944
0.0918194444444
0.0766102430556
0.172451388889
0.0412621527778
0.0988237847222
0.1710625
0.0750190972222
0.0471762152778
0.121314236111
0.0696840277778
0.0606623263889
0.132025173611
0.171717013889
0.0426883680556
0.107539930556
0.157502604167
0.0876059027778
0.0720407986111
0.1148046875
0.0992317708333
0.0688671875
0.0718498263889
0.0882630208333
0.121578993056
0.0504635416667
0.0912378472222
0.120325520833
0.0665529513889
0.1336875
0.0293958333333
0.0960529513889
0.0554244791667
0.0493723958333
0.184244791667
0.0707161458333
0.112106770833
0.0838611111111
0.125116319444
0.134526909722
0.154512152778
0.0790911458333
0.0757300347222
0.0703046875
0.171107638889
0.0437942708333
0.0892690972222
0.0844201388889
0.0896293402778
0.0803446180556
0.0819609375
